
A000040 10 931 931 1 934 142 1547 KR모터스
A000040 10 931 931 1 934 142 1547 KR모터스
A000040 10 931 931 1 934 142 1547 KR모터스
A000400 1 1675 1675 1 1735 184 621 롯데손해보험
A001520 1 1120 1120 1 1164 264 704 동양
A002360 10 786 786 1 807 337 397 SH에너지화학
A002700 10 1780 1780 1 1785 89 1 신일전자
A002780 1 2330 2330 1 2440 157 354 진흥기업
A004100 10 999 999 1 1012 203 401 태양금속
A005390 10 1835 1835 1 1852 88 1 신성통상
A006340 1 954 954 1 1027 440 26 대원전선
A008970 1 1010 1010 1 1070 531 957 동양철관
A012030 10 682 682 1 694 184 137 DB
A012280 10 1670 1670 1 1670 77 4418 영화금속
A014160 1 1085 1085 1 1129 472 3913 대영포장
A016920 1 2360 2360 1 2503 222 7641 카스
A018470 10 673 673 1 674 245 3950 조일알미늄
A027740 10 677 677 1 688 238 339 마니커
A034830 1 1835 1835 1 1855 191 554 한국토지신탁
A043910 1 1330 1330 1 1393 267 354 자연과환경
A044380 1 1045 1045 1 1057 303 893 주연테크
A102280 10 615 615 1 629 308 567 쌍방울
