
A000040 10 949 949 1 951 138 1592 KR모터스
A000400 1 1685 1685 1 1731 197 661 롯데손해보험
A001440 10 894 894 1 893 222 1 대한전선
A001810 20 2420 2420 1 2406 33 1 무림SP
A002700 10 1800 1800 1 1794 57 1 신일전자
A005390 1 1815 1815 1 1840 164 1 신성통상
A009200 20 2435 2435 1 2431 30 1 무림페이퍼
A012030 10 690 690 1 693 224 171 DB
A012280 10 1750 1750 1 1755 106 4418 영화금속
A016920 1 2450 2450 1 2499 233 7689 카스
A018470 20 677 677 1 677 56 3950 조일알미늄
A027740 10 676 676 1 685 308 406 마니커
A044380 1 1055 1055 1 1056 283 898 주연테크