
A000400 10 1635 1635 1 1643 139 592 롯데손해보험
A000890 10 887 887 1 898 241 1071 보해양조
A001440 20 814 814 1 814 117 1795 대한전선
A002700 1 1695 1695 1 1699 588 580 신일전자
A004100 20 1035 1035 1 1031 68 107 태양금속
A006340 10 1005 1005 1 1003 157 439 대원전선
A008970 1 1070 1070 1 1080 456 657 동양철관
A009200 1 2375 2375 1 2383 171 2425 무림페이퍼
A014160 1 1080 1080 1 1142 619 3688 대영포장
A016920 1 2045 2045 1 2188 735 2462 카스
A018470 20 667 667 1 661 8 2340 조일알미늄
A090710 10 757 757 1 758 206 1610 휴림로봇
A102280 20 647 647 1 648 75 1 쌍방울
